# oST version 5.0 parameters


[image]

width
640

height
480

[narrow_stereo]

camera matrix
309.199095 0.000000 329.245230
0.000000 310.744075 258.294951
0.000000 0.000000 1.000000

distortion
0.012591 -0.027969 0.001378 -0.002437 0.000000

rectification
1.000000 0.000000 0.000000
0.000000 1.000000 0.000000
0.000000 0.000000 1.000000

projection
302.223938 0.000000 327.073678 0.000000
0.000000 309.026672 259.019352 0.000000
0.000000 0.000000 1.000000 0.000000

